20
24
25
422
423
424
