203
169
320
2
319
