327
275
284
