98
48
50
51
