Chain,Residue
A,335
A,336
A,337
A,338
A,340
A,342
A,343
A,344
A,345
A,346
A,347
A,348
A,349
A,351
A,352
A,353
A,354
A,355
A,357
A,358
A,359
A,361
A,362
A,363
A,364
A,365
A,366
A,367
A,369
A,371
A,372
A,373
A,374
A,375
A,376
A,377
A,384
A,385
A,386
A,387
A,388
A,390
A,391
A,393
A,394
A,395
A,396
A,397
A,398
A,399
A,400
A,401
A,402
A,403
A,404
A,405
A,406
A,407
A,408
A,409
A,410
A,411
A,412
A,413
A,414
A,415
A,416
A,417
A,418
A,419
A,420
A,421
A,422
A,423
A,424
A,425
A,426
A,427
A,428
A,429
A,430
A,431
A,432
A,433
A,434
A,435
A,436
A,437
A,438
A,439
A,440
A,441
A,442
A,443
A,444
A,446
A,447
A,448
A,449
A,450
A,452
A,453
A,454
A,456
A,457
A,458
A,459
A,460
A,461
A,462
A,463
A,464
A,465
A,466
A,467
B,335
B,336
B,337
B,338
B,342
B,343
B,345
B,346
B,347
B,348
B,349
B,351
B,352
B,353
B,354
B,355
B,357
B,358
B,359
B,361
B,362
B,363
B,364
B,365
B,366
B,369
B,371
B,372
B,373
B,374
B,375
B,376
B,377
B,384
B,385
B,386
B,387
B,388
B,390
B,391
B,393
B,394
B,396
B,397
B,398
B,399
B,400
B,401
B,402
B,403
B,404
B,405
B,406
B,407
B,408
B,409
B,410
B,411
B,412
B,413
B,414
B,415
B,416
B,417
B,418
B,419
B,420
B,421
B,422
B,423
B,424
B,425
B,426
B,427
B,429
B,430
B,431
B,432
B,433
B,434
B,435
B,436
B,437
B,438
B,439
B,440
B,441
B,442
B,443
B,444
B,446
B,447
B,448
B,449
B,450
B,452
B,453
B,454
B,456
B,457
B,458
B,459
B,460
B,461
B,462
B,463
B,464
B,465
B,466
B,467
C,1
C,2
C,3
C,4
C,5
C,6
C,7
C,8
C,9
C,10
C,11
C,12
C,13
C,14
C,15
C,16
C,17
D,1
D,2
D,3
D,4
D,5
D,6
D,7
D,8
D,9
D,10
D,11
D,12
D,13
D,14
D,15
D,16
D,17
E,64
E,65
E,66
E,67
E,68
E,69
E,70
E,71
E,72
E,73
E,74
E,75
E,76
E,77
E,78
E,79
E,80
E,81
E,82
E,83
E,84
E,85
E,86
E,87
E,88
E,89
E,90
F,64
F,65
F,66
F,67
F,68
F,69
F,70
F,71
F,72
F,73
F,74
F,75
F,76
F,77
F,78
F,79
F,80
F,81
F,82
F,83
F,84
F,85
F,86
F,87
F,88
F,89
F,90
